0.00	740.73	459.64	1.00E-14	295.5	0.0
0.00	739.63	459.36	1.00E-14	295.5	0.0
0.00	739.08	457.98	1.00E-14	295.5	0.0
0.00	739.08	458.26	1.00E-14	295.5	0.0
0.00	737.97	458.53	1.00E-14	295.6	0.0
0.00	737.15	457.98	1.00E-14	295.6	0.0
0.00	737.70	458.53	1.00E-14	295.6	0.0
0.00	737.70	457.98	1.00E-14	295.7	0.0
0.00	736.87	458.81	1.00E-14	295.7	0.0
0.00	736.32	458.26	1.00E-14	295.7	0.0
0.00	735.77	458.26	1.00E-14	295.7	0.0
0.00	735.49	458.26	1.00E-14	295.8	0.0
0.00	734.66	458.53	1.00E-14	295.8	0.0
0.00	733.56	458.81	1.00E-14	295.8	0.0
0.00	733.00	459.36	1.00E-14	295.9	0.0
0.00	733.28	459.36	1.00E-14	295.9	0.0
0.00	732.45	459.09	1.00E-14	295.9	0.0
0.00	731.62	458.26	1.00E-14	295.9	0.0
0.00	731.35	457.98	1.00E-14	295.9	0.0
0.00	731.35	457.15	1.00E-14	296.0	0.0
0.00	730.80	456.60	1.00E-14	296.0	0.0
0.00	729.97	455.22	1.00E-14	296.1	0.0
0.00	729.69	455.22	1.00E-14	296.1	0.0
0.00	729.14	454.94	1.00E-14	296.2	0.0
0.00	728.86	454.39	1.00E-14	296.2	0.0
0.00	728.04	454.12	1.00E-14	296.3	0.0
0.00	727.76	454.39	1.00E-14	296.3	0.0
0.00	727.48	454.94	1.00E-14	296.4	0.0
0.00	726.38	456.33	1.00E-14	296.4	0.0
0.00	726.10	456.60	1.00E-14	296.5	0.0
0.00	724.72	456.60	1.00E-14	296.5	0.0
0.00	725.00	456.60	1.00E-14	296.5	0.0
0.00	724.17	456.60	1.00E-14	296.6	0.0
0.00	723.62	456.33	1.00E-14	296.6	0.0
0.00	722.79	456.60	1.00E-14	296.6	0.0
0.00	722.79	456.33	1.00E-14	296.7	0.0
0.00	722.24	456.88	1.00E-14	296.7	0.0
0.00	721.69	457.15	1.00E-14	296.7	0.0
0.00	721.69	456.88	1.00E-14	296.8	0.0
0.00	721.69	456.60	1.00E-14	296.8	0.0
0.00	721.13	456.33	1.00E-14	296.8	0.0
0.00	720.31	455.77	1.00E-14	296.9	0.0
0.00	720.03	454.12	1.00E-14	296.9	0.0
0.00	720.58	453.56	1.00E-14	296.9	0.0
0.00	719.75	452.74	1.00E-14	296.9	0.0
0.00	720.58	452.18	1.00E-14	296.9	0.0
0.00	720.86	450.53	1.00E-14	296.9	0.0
0.00	720.86	450.25	1.00E-14	297.0	0.0
0.00	720.31	450.25	7.02E-04	297.0	0.0
0.00	720.31	451.08	6.77E-03	297.2	0.0
0.00	720.31	450.53	9.11E-03	297.5	0.0
0.00	720.86	451.08	9.18E-03	297.5	0.0
0.00	720.86	450.80	9.06E-03	297.5	0.0
0.00	721.13	450.25	9.12E-03	297.6	0.0
0.00	722.51	448.04	9.27E-03	297.8	0.0
0.00	723.34	446.66	9.42E-03	298.0	0.0
0.00	724.17	444.73	9.56E-03	298.2	0.0
0.00	724.45	443.07	9.45E-03	298.4	0.0
0.00	724.72	443.07	9.18E-03	298.6	0.0
0.00	724.45	444.18	9.07E-03	298.8	0.0
0.00	725.00	443.07	9.34E-03	298.9	0.0
0.00	724.72	443.63	9.46E-03	299.0	0.0
0.00	724.45	443.90	9.34E-03	299.1	0.0
0.00	725.00	443.90	9.29E-03	299.2	0.0
0.00	725.55	441.69	9.42E-03	299.3	0.0
0.00	725.83	440.87	9.53E-03	299.5	0.0
0.00	725.55	440.59	9.51E-03	299.6	0.0
0.00	726.10	439.21	9.22E-03	299.9	0.0
0.00	726.38	437.55	7.84E-03	299.9	0.0
0.00	726.10	436.72	6.27E-03	299.6	0.0
0.00	725.55	436.17	6.32E-03	299.3	0.0
0.00	726.10	436.45	7.72E-03	299.2	0.0
0.00	726.38	435.90	9.23E-03	299.4	0.0
0.00	726.10	435.62	9.20E-03	299.6	0.0
0.00	725.83	434.52	6.34E-03	299.6	0.0
0.00	726.38	433.14	5.34E-03	299.4	0.0
0.00	726.66	432.31	5.19E-03	299.1	0.0
0.00	726.66	430.93	5.25E-03	298.9	0.0
0.00	726.66	430.38	5.60E-03	298.7	0.0
0.00	726.38	430.10	6.19E-03	298.5	0.0
0.00	726.38	430.93	5.99E-03	298.4	0.0
0.00	727.21	429.27	5.67E-03	298.4	0.0
0.00	727.21	427.89	5.61E-03	298.3	0.0
0.00	726.38	428.72	5.62E-03	298.2	0.0
0.00	726.93	427.89	5.58E-03	298.1	0.0
0.00	727.21	427.61	5.70E-03	297.9	0.0
0.00	726.38	428.44	6.21E-03	297.8	0.0
0.00	725.83	429.27	8.21E-03	298.0	0.0
0.00	725.83	427.89	8.41E-03	298.2	0.0
0.00	725.00	427.61	8.73E-03	298.5	0.0
0.00	725.00	427.61	8.90E-03	298.8	0.0
0.00	725.00	426.51	8.88E-03	299.1	0.0
0.00	725.28	425.41	8.90E-03	299.3	0.0
0.00	725.55	425.96	9.12E-03	299.6	0.0
0.00	726.10	425.96	8.38E-03	299.7	0.0
0.00	726.10	424.85	8.84E-03	299.9	0.0
0.00	725.55	424.03	8.91E-03	300.0	0.0
0.00	725.55	423.75	8.62E-03	300.1	0.0
0.00	725.00	423.47	6.58E-03	300.2	0.0
0.00	725.28	422.09	6.60E-03	300.1	0.0
0.00	725.00	421.27	5.74E-03	299.9	0.0
0.00	726.38	420.44	5.58E-03	299.8	0.0
0.00	726.93	418.51	5.52E-03	299.7	0.0
0.00	727.48	417.68	5.63E-03	299.7	0.0
0.00	727.21	416.57	5.63E-03	299.7	0.0
0.00	727.21	416.57	5.52E-03	299.6	0.0
0.00	726.66	416.02	5.51E-03	299.5	0.0
0.00	726.38	415.19	5.51E-03	299.4	0.0
0.00	726.66	416.30	5.50E-03	299.4	0.0
0.00	725.83	417.40	5.50E-03	299.3	0.0
0.00	725.55	417.40	6.04E-03	299.3	0.0
0.00	725.28	416.57	6.04E-03	299.2	0.0
0.00	725.00	416.85	7.04E-03	299.2	0.0
0.00	725.00	415.74	6.78E-03	299.3	0.0
0.00	725.28	413.26	6.24E-03	299.3	0.0
0.00	725.00	412.71	5.69E-03	299.3	0.0
0.00	725.55	411.33	5.29E-03	299.4	0.0
0.00	725.55	409.95	5.06E-03	299.3	0.0
0.00	725.00	410.50	5.06E-03	299.1	0.0
0.00	725.55	410.22	5.20E-03	299.2	0.0
0.00	725.55	409.12	5.66E-03	299.2	0.0
0.00	724.72	408.29	6.89E-03	299.4	0.0
0.00	724.72	408.29	6.78E-03	299.7	0.0
0.00	725.00	406.91	5.93E-03	299.8	0.0
0.00	725.00	406.91	5.86E-03	299.8	0.0
0.00	724.17	408.01	5.66E-03	299.8	0.0
0.00	725.00	407.46	5.50E-03	299.6	0.0
0.00	725.00	407.19	5.56E-03	299.6	0.0
0.00	724.72	406.63	5.62E-03	299.5	0.0
0.00	723.90	406.36	5.86E-03	299.4	0.0
0.00	723.34	406.08	5.78E-03	299.5	0.0
0.00	723.34	404.98	5.63E-03	299.5	0.0
0.00	723.34	404.15	5.60E-03	299.5	0.0
0.00	722.51	403.87	5.70E-03	299.5	0.0
0.00	722.79	404.15	5.93E-03	299.6	0.0
0.00	723.07	403.60	6.14E-03	299.6	0.0
0.00	723.34	403.05	6.33E-03	299.5	0.0
0.00	723.34	403.60	6.93E-03	299.5	0.0
0.00	723.62	403.32	8.09E-03	299.7	0.0
0.00	724.17	402.22	7.45E-03	299.8	0.0
0.00	724.17	400.84	7.89E-03	299.8	0.0
0.00	724.45	399.18	8.80E-03	300.0	0.0
0.00	724.72	397.80	8.30E-03	300.1	0.0
0.00	723.62	397.52	9.01E-03	300.3	0.0
0.00	723.62	397.25	8.69E-03	300.6	0.0
0.00	723.90	397.25	8.93E-03	300.9	0.0
0.00	723.34	397.52	9.39E-03	301.2	0.0
0.00	723.34	396.70	9.40E-03	301.4	0.0
0.00	723.90	395.59	9.06E-03	301.7	0.0
0.00	724.72	395.59	9.21E-03	301.9	0.0
0.00	725.00	395.04	9.26E-03	302.0	0.0
0.00	724.72	395.04	9.19E-03	302.1	0.0
0.00	724.72	395.04	9.11E-03	302.2	0.0
0.00	724.45	395.59	8.93E-03	302.4	0.0
0.00	725.00	394.49	8.66E-03	302.4	0.0
0.00	725.55	392.00	8.48E-03	302.4	0.0
0.00	725.83	390.90	7.02E-03	302.3	0.0
0.00	726.38	388.41	7.69E-03	302.1	0.0
0.00	726.10	387.03	8.85E-03	302.2	0.0
0.00	726.10	386.48	9.15E-03	302.4	0.0
0.00	726.10	386.21	7.99E-03	302.3	0.0
0.00	725.83	386.21	5.45E-03	302.1	0.0
0.00	725.28	386.76	7.90E-03	301.9	0.0
0.00	725.00	387.59	9.16E-03	301.9	0.0
0.00	725.00	387.86	8.94E-03	302.0	0.0
0.00	724.45	387.59	7.56E-03	302.0	0.0
0.00	723.34	388.14	6.65E-03	301.9	0.0
0.00	723.34	388.14	7.95E-03	301.7	0.0
0.00	723.62	387.59	7.59E-03	301.8	0.0
0.00	724.17	385.65	6.09E-03	301.6	0.0
0.00	724.17	384.83	7.50E-03	301.8	0.0
0.00	725.00	383.45	5.57E-03	301.5	0.0
0.00	724.72	382.62	7.60E-03	301.4	0.0
0.00	724.45	381.51	9.02E-03	301.6	0.0
0.00	724.72	380.41	9.16E-03	302.0	0.0
0.00	724.17	380.41	7.24E-03	302.1	0.0
0.00	723.34	380.96	5.63E-03	301.9	0.0
0.00	723.34	380.41	7.58E-03	301.7	0.0
0.00	723.07	379.03	6.62E-03	301.6	0.0
0.00	722.79	378.20	7.50E-03	301.5	0.0
0.00	722.24	377.10	8.59E-03	301.7	0.0
0.00	722.24	375.99	7.19E-03	301.7	0.0
0.00	722.51	376.27	7.57E-03	301.6	0.0
0.00	722.79	375.44	4.68E-03	301.2	0.0
0.00	722.79	375.16	4.67E-03	301.0	0.0
0.00	722.24	375.99	7.26E-03	300.8	0.0
0.00	722.24	376.27	8.30E-03	300.8	0.0
0.00	723.62	375.44	8.87E-03	301.0	0.0
0.00	723.62	374.89	8.74E-03	301.2	0.0
0.00	723.34	375.16	8.53E-03	301.3	0.0
0.00	723.34	375.16	8.97E-03	301.7	0.0
0.00	722.24	375.72	8.81E-03	301.9	0.0
0.00	722.51	374.34	8.21E-03	302.0	0.0
0.00	721.96	373.78	8.80E-03	302.2	0.0
0.00	721.69	372.96	8.00E-03	302.2	0.0
0.00	720.86	373.23	7.66E-03	302.0	0.0
0.00	721.41	372.40	6.09E-03	301.8	0.0
0.00	721.69	370.47	5.88E-03	301.6	0.0
0.00	720.86	370.75	6.04E-03	301.4	0.0
0.00	720.58	370.19	6.14E-03	301.3	0.0
0.00	720.03	369.92	7.74E-03	301.2	0.0
0.00	720.03	368.81	8.71E-03	301.4	0.0
0.00	719.20	369.37	9.06E-03	301.5	0.0
0.00	720.03	369.09	8.10E-03	301.4	0.0
0.00	721.41	367.71	6.24E-03	301.4	0.0
0.00	721.96	366.61	4.43E-03	301.1	0.0
0.00	721.69	367.16	5.65E-03	300.9	0.0
0.00	720.86	367.16	7.96E-03	301.1	0.0
0.00	721.41	365.23	8.21E-03	301.4	0.0
0.00	720.31	363.57	8.22E-03	301.6	0.0
0.00	720.58	362.74	8.12E-03	301.9	0.0
0.00	720.31	362.74	7.97E-03	302.1	0.0
0.00	720.03	362.19	7.29E-03	302.3	0.0
0.00	720.31	361.36	6.68E-03	302.1	0.0
0.00	719.75	363.02	6.49E-03	301.9	0.0
0.00	718.65	364.67	5.67E-03	301.9	0.0
0.00	717.55	364.40	5.19E-03	301.5	0.0
0.00	717.82	363.02	5.98E-03	301.4	0.0
0.00	718.37	361.91	4.79E-03	301.1	0.0
0.00	717.82	361.91	4.01E-03	300.8	0.0
0.00	717.55	360.81	4.20E-03	300.3	0.0
0.00	718.10	360.81	4.24E-03	300.0	0.0
0.00	716.44	362.74	4.09E-03	299.8	0.0
0.00	716.44	362.47	4.31E-03	299.5	0.0
0.00	716.44	361.36	4.52E-03	299.4	0.0
0.00	715.89	360.26	5.23E-03	299.2	0.0
0.00	715.34	360.53	4.54E-03	299.1	0.0
0.00	715.61	358.88	4.13E-03	299.0	0.0
0.00	716.44	357.77	4.31E-03	298.9	0.0
0.00	715.61	358.05	7.12E-03	298.9	0.0
0.00	715.06	358.05	8.92E-03	299.3	0.0
0.00	715.34	356.94	8.27E-03	299.5	0.0
0.00	715.06	355.56	8.57E-03	299.7	0.0
0.00	714.51	355.84	7.35E-03	299.9	0.0
0.00	713.13	355.56	5.39E-03	299.8	0.0
0.00	712.58	355.56	5.17E-03	299.6	0.0
0.00	712.85	356.39	4.79E-03	299.5	0.0
0.00	712.02	356.67	5.43E-03	299.4	0.0
0.00	711.75	357.77	6.13E-03	299.4	0.0
0.00	711.20	356.94	4.36E-03	299.2	0.0
0.00	711.75	356.39	5.82E-03	299.0	0.0
0.00	712.02	355.29	5.11E-03	299.1	0.0
0.00	711.75	354.74	5.93E-03	299.1	0.0
0.00	712.30	353.63	7.93E-03	299.4	0.0
0.00	712.58	352.53	6.87E-03	299.6	0.0
0.00	712.58	351.70	6.33E-03	299.5	0.0
0.00	711.75	351.70	8.11E-03	299.7	0.0
0.00	710.64	352.53	5.11E-03	299.7	0.0
0.00	710.37	352.25	3.72E-03	299.5	0.0
0.00	710.09	351.70	3.61E-03	299.2	0.0
0.00	709.26	350.87	4.22E-03	298.9	0.0
0.00	709.82	349.77	6.30E-03	298.9	0.0
0.00	710.37	347.56	8.93E-03	299.1	0.0
0.00	710.64	345.90	8.84E-03	299.5	0.0
0.00	710.92	345.35	6.33E-03	299.5	0.0
0.00	710.37	345.07	6.79E-03	299.4	0.0
0.00	709.82	345.07	6.37E-03	299.4	0.0
0.00	709.54	345.90	8.14E-03	299.5	0.0
0.00	709.26	345.63	8.65E-03	299.7	0.0
0.00	709.26	345.63	8.11E-03	299.9	0.0
0.00	708.71	345.63	6.61E-03	300.1	0.0
0.00	708.16	345.63	4.43E-03	299.8	0.0
0.00	708.44	345.07	5.09E-03	299.6	0.0
0.00	707.88	344.25	7.09E-03	299.7	0.0
0.00	707.06	345.63	8.39E-03	300.0	0.0
0.00	707.06	343.69	6.43E-03	300.1	0.0
0.00	706.50	343.69	4.63E-03	299.8	0.0
0.00	705.68	344.25	5.51E-03	299.6	0.0
0.00	705.68	343.97	8.28E-03	299.7	0.0
0.00	706.23	342.04	8.48E-03	299.9	0.0
0.00	706.23	341.48	8.36E-03	300.3	0.0
0.00	706.78	341.48	8.44E-03	300.4	0.0
0.00	706.78	341.48	7.58E-03	300.5	0.0
0.00	706.78	340.93	7.49E-03	300.4	0.0
0.00	705.68	341.48	7.86E-03	300.3	0.0
0.00	706.23	342.04	6.23E-03	300.3	0.0
0.00	705.12	341.76	7.64E-03	300.2	0.0
0.00	705.40	341.21	5.57E-03	300.1	0.0
0.00	704.85	340.66	4.25E-03	299.8	0.0
0.00	704.85	340.66	5.30E-03	299.5	0.0
0.00	704.02	339.55	5.46E-03	299.5	0.0
0.00	703.19	339.55	2.89E-03	299.3	0.0
0.00	702.91	339.28	9.49E-04	299.3	0.0
0.00	701.53	339.28	1.00E-14	299.3	0.0
0.00	700.71	339.00	1.00E-14	299.5	0.0
0.00	700.43	338.45	1.00E-14	299.8	0.0
0.00	700.15	338.72	1.00E-14	300.0	0.0
0.00	699.33	337.90	1.00E-14	300.1	0.0
0.00	699.33	337.34	1.00E-14	300.1	0.0
0.00	699.33	336.79	1.00E-14	300.1	0.0
0.00	698.22	336.79	1.00E-14	300.1	0.0
0.00	697.39	337.07	1.00E-14	300.0	0.0
0.00	696.57	337.90	1.00E-14	300.0	0.0
0.00	695.46	339.28	1.00E-14	300.0	0.0
0.00	694.91	340.10	1.00E-14	299.9	0.0
0.00	694.63	340.66	1.00E-14	299.8	0.0
0.00	694.63	340.93	1.00E-14	299.7	0.0
0.00	694.63	340.93	1.00E-14	299.6	0.0
0.00	695.18	340.38	1.00E-14	299.6	0.0
0.00	695.46	339.83	1.00E-14	299.4	0.0
0.00	694.91	339.00	1.00E-14	299.4	0.0