1        2.8        3.7        4.3        5.094        6.089        7.279        8.701        10.401        12.433        14.862        17.766        21.237        29.122        34.812        41.613        49.743        59.872        71.569        85.552        102.27        122.25        146.13        174.68        208.81        249.61        300.44        359.13        429.3        513.18        613.44
209.004        0.121        0.121        0.932        1.499        3.206        6.601        17.982        34.094        74.196        119.211        167.993        238.583        213.772        97.610        128.721        96.189        21.223        14.521        9.670        3.135        2.435        2.837        2.832        3.583        1.339        0.486        0.020        0.099        0.139        0.509
209.170        0.264        0.264        0.460        0.123        0.058        0.441        0.289        4.020        16.373        49.497        126.109        278.161        468.249        252.877        158.910        106.451        32.935        16.867        8.095        4.387        3.768        3.040        4.500        3.432        2.182        0.377        0.131        0.006        0.116        0.219
209.177        0.388        0.388        0.678        0.187        0.069        0.043        0.027        2.822        17.330        45.783        112.414        275.822        457.217        246.770        158.258        113.896        33.217        17.234        9.456        3.251        4.242        3.332        4.045        3.216        1.705        0.207        0.004        0.005        0.038        0.328
209.191        0.452        0.452        0.769        0.176        0.062        0.439        1.751        5.986        23.822        57.005        136.588        305.634        441.517        199.608        144.013        105.759        35.259        15.766        8.349        3.803        4.160        2.960        3.506        3.551        1.971        0.257        0.002        0.153        0.081        0.305
209.198        0.596        0.596        0.961        0.126        0.069        0.638        0.873        7.200        21.271        49.720        120.955        284.547        427.169        186.153        151.469        108.158        36.335        16.296        7.692        3.867        3.057        3.455        4.162        3.547        1.904        0.377        0.002        0.005        0.115        0.225
209.323        3.624        3.624        6.253        1.590        0.061        0.455        1.168        3.698        16.860        44.427        85.427        181.878        316.741        135.464        100.060        84.986        25.586        12.670        7.606        4.956        2.720        2.589        3.251        2.897        0.803        0.224        0.005        0.055        0.162        0.201
209.344        4.195        4.195        7.075        1.515        0.733        0.033        0.444        2.061        10.626        29.874        72.477        152.914        307.984        142.564        102.858        82.322        30.581        13.801        8.634        4.590        3.091        3.027        3.369        3.026        0.565        0.570        0.002        0.055        0.037        0.295
209.351        4.488        4.488        7.899        2.278        0.717        0.035        0.032        0.532        10.706        27.825        69.395        147.988        305.387        145.757        92.805        76.007        32.133        13.716        7.307        4.743        4.203        2.987        3.364        2.691        0.918        0.144        0.000        0.055        0.048        0.238
209.358        4.253        4.253        8.303        3.795        0.716        0.047        0.297        2.281        8.393        30.335        66.621        140.122        292.531        130.915        95.851        74.456        30.482        13.970        6.067        4.016        4.043        3.496        2.833        2.427        0.936        0.830        0.006        0.055        0.104        0.109
209.365        4.212        4.212        7.114        1.541        1.074        0.033        0.302        1.185        7.376        29.938        62.859        134.198        278.730        133.395        90.232        76.094        27.603        13.335        6.819        5.151        3.691        3.287        3.076        1.964        1.579        0.220        0.002        0.056        0.069        0.236
209.372        4.421        4.421        7.790        2.264        1.800        0.041        0.032        1.195        8.834        24.120        59.801        142.386        267.956        123.862        91.860        71.442        27.466        13.305        7.243        4.338        3.525        3.352        2.827        2.375        1.100        0.375        0.002        0.004        0.047        0.025
209.379        4.668        4.668        8.173        2.286        0.063        0.050        0.027        1.954        9.266        27.571        60.050        141.806        260.111        123.722        91.084        67.902        27.902        12.164        6.871        4.022        4.416        3.424        3.596        2.332        0.703        0.385        0.012        0.098        0.038        0.363
209.386        4.790        4.790        8.340        2.252        1.067        0.445        0.293        2.069        6.601        26.214        60.754        130.892        259.124        121.808        87.008        69.470        24.837        12.557        6.234        4.882        4.502        3.301        2.532        1.767        0.753        0.150        0.005        0.056        0.037        0.303
209.393        4.689        4.689        8.952        3.780        0.738        0.056        0.019        0.864        7.971        24.272        59.045        134.209        258.716        120.916        92.650        73.539        28.617        12.950        6.605        4.165        3.340        3.846        3.974        2.312        1.130        0.294        0.001        0.055        0.038        0.183
209.399        5.719        5.719        8.688        0.151        2.867        0.640        0.025        1.412        6.698        23.536        59.529        126.804        266.657        127.272        93.363        78.599        31.052        13.739        5.856        4.800        3.436        3.091        3.286        2.770        1.026        0.045        0.001        0.005        0.620        0.175
209.406        5.957        5.957        11.235        4.527        1.784        1.067        0.029        1.197        6.858        20.221        55.495        130.013        269.941        134.364        100.432        83.794        28.516        13.201        6.221        4.949        4.048        3.463        2.707        2.629        1.019        0.154        0.014        0.154        0.037        0.172
209.413        5.966        5.966        11.220        4.472        5.007        1.916        0.439        0.322        5.846        19.233        50.398        133.221        281.091        133.278        98.913        83.674        30.484        13.263        7.439        4.103        2.807        3.223        3.475        2.872        1.165        0.207        0.029        0.005        0.048        0.206
209.420        6.664        6.664        11.910        3.746        3.197        6.401        2.337        0.537        4.390        19.173        50.638        131.268        299.699        170.140        118.173        90.105        34.434        17.577        7.567        5.375        3.978        2.433        2.873        3.174        1.464        0.433        0.002        0.004        0.036        0.026
209.427        6.908        6.908        12.225        3.642        9.312        6.611        2.633        1.083        3.860        22.295        58.862        151.937        288.431        170.357        127.458        95.151        36.490        17.412        7.197        4.052        3.183        2.936        3.447        1.925        1.644        0.158        0.001        0.099        0.104        0.160
209.434        6.426        6.426        13.057        6.760        4.978        8.314        6.141        1.633        2.056        16.583        57.847        146.786        298.304        173.961        134.139        97.944        39.438        17.353        6.892        4.777        3.229        2.427        3.532        2.497        1.058        0.292        0.009        0.003        0.047        0.086
209.441        6.487        6.487        13.105        6.670        10.349        11.724        10.248        3.384        3.265        15.883        55.358        150.703        297.886        176.038        135.759        99.047        41.375        18.146        7.440        4.706        2.731        2.357        2.737        2.321        1.315        0.526        0.001        0.208        0.116        0.026
209.448        6.701        6.701        14.201        8.220        8.543        11.728        10.822        6.015        2.325        15.031        53.197        135.979        300.225        182.936        138.541        105.131        47.988        19.211        8.386        3.415        3.104        2.707        2.774        2.710        1.030        0.402        0.003        0.005        0.070        0.149
209.455        6.176        6.176        14.113        9.623        16.434        17.067        15.224        7.877        2.593        11.222        46.717        138.769        299.571        181.487        137.611        108.496        53.412        20.662        7.318        4.322        2.636        2.862        3.659        3.283        1.024        0.150        0.010        0.056        0.116        0.166
209.462        5.473        5.473        11.166        5.848        13.591        12.798        13.610        6.344        1.314        8.651        38.809        121.502        296.180        182.750        142.199        109.735        55.478        23.912        7.390        3.958        2.936        3.823        3.493        2.284        0.798        0.205        0.001        0.143        0.037        0.160
209.469        5.326        5.326        12.118        8.195        9.963        17.059        15.956        8.643        3.301        6.761        33.507        103.167        262.998        181.673        135.340        113.011        63.095        25.615        11.911        4.486        2.742        2.737        2.679        1.897        1.539        0.346        0.025        0.055        0.103        0.198
209.476        5.214        5.214        13.796        11.887        16.450        17.904        24.150        15.652        5.459        4.547        24.533        80.033        241.191        177.162        128.279        113.357        73.388        31.983        13.458        4.097        3.310        3.465        2.991        2.577        1.229        0.189        0.004        0.044        0.127        0.422
209.484        5.07        5.07        7.736        10.402        14.657        15.562        18.594        16.308        10.273        2.994        20.175        67.876        235.053        175.914        131.829        110.822        78.312        35.036        14.463        5.92        2.88        2.483        2.576        2.975        1.357        0.373        0.024        0.045        0.244        0.267
209.491        4.21        4.21        8.518        12.826        7.098        14.08        13.154        13.689        5.895        4.654        20.766        65.703        236.759        166.583        134.17        111.86        82.574        38.114        13.496        6.386        3.174        2.563        2.535        3.282        1.995        0.498        0.018        0.004        0.07        0.241
209.497        3.735        3.735        7.057        10.38        14.973        20.462        22.392        21.998        11.813        4.578        15.531        68.318        214.641        172.178        140.967        114.331        90.503        44.003        17.193        5.379        3.399        2.715        2.759        2.695        2.097        0.525        0.044        0.003        0.104        0.222
209.504        4.695        4.695        6.368        8.042        18.507        34.341        38.926        38.625        26.584        10.024        9.674        42.861        162.615        152.763        126.427        103.465        91.177        48.045        18.985        6.776        4.005        3.014        1.94        2.117        1.517        0.854        0.011        0.055        0.047        0.251
209.511        6.815        6.815        12.617        18.418        33.553        43.894        68.784        70.6        49.65        23.676        9.522        28.028        116.63        123.877        121.025        96.278        91.216        50.571        20.234        6.748        4.156        2.254        2.193        2.55        2.531        1.068        0.019        0.045        0.116        0.393
209.518        11.109        11.109        16.736        22.363        26.672        47.511        81.528        84.155        62.228        32.256        11.182        14.153        79.986        114.917        114.197        94.411        89.542        50.138        17.295        6.651        4.035        2.83        1.946        2.626        1.665        0.571        0.005        0.055        0.116        0.124
209.524        11.951        11.951        17.155        22.358        26.267        52.435        81.024        102.083        71.921        44.459        12.282        14.473        61.499        101.951        108.136        94.097        83.969        53.49        21.863        8.454        4.017        2.74        2.457        2.696        2.355        0.316        0.053        0.004        0.069        0.301
209.531        11.925        11.925        14.745        17.565        39.991        50.512        70.377        100.129        77.893        49.778        13.546        10.999        53.784        90.922        109.996        89.911        90.542        61.259        20.806        7.327        4.353        3.543        2.315        2.305        1.679        0.552        0.002        0.056        0.07        0.159
209.538        11.892        11.892        19.254        26.615        45.314        61.192        84.272        107.88        90.263        54.202        21.542        9.743        41.747        84.303        100.137        88.366        84.008        58.944        22.244        6.684        3.033        3.183        3.178        2.46        1.92        0.357        0.006        0.055        0.069        0.494
209.545        13.187        13.187        19.943        26.698        40.958        68.862        89.55        108.763        88.108        53.713        19.815        9.68        37.287        77.862        101.036        83.151        82.102        62.235        18.838        6.853        4.078        3.939        3.138        2.348        2.077        1.001        0.004        0.044        0.07        0.193
209.552        13.194        13.194        17.251        21.307        44.267        67.772        101.974        110.159        89.744        49.056        25.324        6.621        25.544        66.822        89.775        81.605        77.614        57.201        18.993        7.879        3.828        2.905        2.368        2.395        2.347        1.3        0.047        0.099        0.006        0.318
209.559        13.429        13.429        18.911        24.392        40.976        66.693        103.609        122.009        93.727        46.67        27.535        9.643        25.735        68.602        89.62        83.593        79.482        58.136        17.559        6.15        4.601        4.513        2.682        3.14        2.033        1.366        0.03        0.045        0.048        0.458
209.566        13.098        13.098        16.561        20.024        29.512        59.871        109.011        125.838        93.487        47.578        32.553        9.476        18.934        63.36        94.735        77.971        78.412        54.165        20.446        6.559        4.369        3.59        2.653        2.999        2.558        0.916        0.285        0.099        0.047        0.22
209.573        11.924        11.924        17.814        23.703        37.751        66.249        104.958        145.889        102.183        47.979        32.704        14.903        22.21        63.684        89.914        81.718        78.792        56.175        17.712        7.633        4.697        3.956        2.813        2.406        1.969        1.107        0.061        0.099        0.07        0.278
209.58        11.888        11.888        12.859        13.83        36.008        60.76        96.851        121.653        93.262        51.64        36.695        13.674        15.772        65.343        90.937        84.414        74.508        57.408        17.105        6.957        5.484        3.85        2.417        2.495        2.257        0.541        0.045        0.006        0.016        0.313
209.587        12.495        12.495        16.213        19.931        35.943        63.307        88.806        121.133        100.354        46.815        35.945        14.336        16.485        57.07        84.186        79.345        73.483        55.395        17.684        6.679        4.084        3.216        3.011        2.379        2.734        0.942        0.101        0.044        0.081        0.226
209.594        12.11        12.11        18.283        24.456        37.416        59.878        103.299        129.225        100.339        53.001        39.643        14.383        12.897        55.068        84.318        76.93        72.675        54.544        17.454        6.924        5.29        5.053        2.843        2.242        2.182        0.809        0.133        0.055        0.047        0.159
209.601        13.105        13.105        13.398        13.691        43.498        73.744        98.509        116.956        107.368        58.226        43.283        24.769        19.155        58.662        83.652        74.601        76.194        51.683        15.699        5.412        3.753        3.822        2.985        3.02        2.244        0.631        0.069        0.055        0.104        0.108
209.608        14.285        14.285        17.444        20.603        41.353        75.012        114.739        127.024        110.143        82.295        55.325        22.727        14.48        47.432        77.118        70.326        71.716        49.273        12.555        5.017        3.973        2.916        2.952        2.251        2.554        0.9        0.081        0.005        0.004        0.168
209.615        16.625        16.625        21.568        26.511        49.578        72.445        124.28        123.094        107.33        85.667        61.711        31.17        19.263        49.211        74.494        68.461        66.793        47.196        12.801        4.212        4.541        3.598        2.894        2.389        1.869        0.748        0.028        0.046        0.07        0.264
209.622        17.357        17.357        27.22        37.083        54.854        91.635        139.332        143.005        137.689        107.376        79.606        38.673        22.191        44.263        73.023        72.146        71.026        45.218        12.608        5.063        2.858        3.246        3.715        3.28        1.625        0.702        0.248        0.099        0.082        0.004
209.629        17.731        17.731        20.33        22.928        37.337        73.943        122.59        158.638        141.2        118.087        83.652        39.53        17.895        43.952        66.077        71.338        68.409        42.216        12.498        5.926        3.26        2.814        3.842        2.998        1.96        0.745        0.21        0.055        0.014        0.11
209.636        16.163        16.163        18.054        19.945        34.87        66.507        113.77        159.057        150.384        115.297        85.031        42.067        22.135        42.89        71.374        70.099        66.74        44.89        14.244        5.504        3.711        3.645        3.553        2.724        2.023        0.622        0.035        0.044        0.047        0.101
209.643        14.619        14.619        14.283        13.948        29.54        55.984        104.446        142.742        147.935        100.85        59.957        31.393        13.863        43.811        71.862        72.999        71.33        48.164        12.512        4.515        4.071        4.207        4.316        2.717        1.327        0.679        0.127        0.006        0.037        0.11
209.649        11.733        11.733        13.234        14.735        27.692        65.424        111.771        163.986        141.006        98.409        62.188        38.288        13.364        34.527        63.111        68.841        68.509        47.392        12.081        3.819        3.051        4.339        3.504        3.409        1.306        0.874        0.214        0.055        0.047        0.063
209.656        13.467        13.467        12.49        11.513        37.482        54.29        118.211        159.754        158.933        102.765        61.88        39.207        12.906        38.082        65.98        66.683        64.431        39.478        12.144        3.79        3.081        3.812        3.593        2.546        1.23        0.65        0.211        0.153        0.006        0.11
209.663        11.618        11.618        15.104        18.59        23.825        47.267        93.34        148.997        147.563        99.502        69.429        41.134        14.07        36.867        65.149        65.911        64.557        43.629        11.923        4.805        2.566        3.986        3.57        3.137        1.356        0.802        0.034        0.055        0.005        0.1
209.67        10.33        10.33        7.926        5.523        32.096        61.148        104.415        151.438        128.535        85.442        62.7        39.508        16.778        42.47        64.19        67.594        65.188        38.113        9.123        4.925        2.588        3.544        4.645        2.843        1.85        0.77        0.152        0.241        0.038        0.063
209.677        11.813        11.813        11.792        11.771        22.416        43.881        89.953        158.863        138.394        93.03        72.947        44.056        21.461        44.167        66.917        66.896        66.091        42.802        9.476        4        4.076        4.027        4.182        2.593        1.168        0.34        0.016        0.099        0.047        0.135
209.684        11.842        11.842        9.964        8.085        16.299        47.933        100.959        158.336        143.463        84.737        66.63        37.198        18.097        40.58        65.869        68.858        67.633        38.48        9.983        3.799        2.983        3.809        4.515        2.408        1.44        0.339        0.087        0.099        0.047        0.156
209.691        11.787        11.787        15.934        20.08        27.378        45.59        79.428        115.561        80.52        54.825        48.019        33.728        16.295        44.58        63.89        68.775        65.535        37.589        8.722        3.172        2.619        3.31        3.38        2.475        1.721        0.528        0.007        0.153        0.036        0.122
209.698        10.002        10.002        13.185        16.368        21.678        44.531        96.735        137.991        117.599        63.551        45.149        25.442        13.044        36.201        67.725        65.361        66.365        36.326        9.815        3.221        2.683        3.229        3.502        2.54        0.921        0.352        0.09        0.099        0.039        0.005
209.705        10.055        10.055        8.926        7.796        32.834        51.96        102.509        178.58        150.981        69.553        44.046        20.395        9.798        33.745        67.161        66.691        65.261        35.242        9.503        3.63        3.39        3.008        3.413        2.582        1.664        0.547        0.171        0.004        0.016        0.051
209.713        10.84        10.84        10.93        11.021        22.77        45.572        95.673        175.635        136.51        61.553        39.777        20.996        9.731        34.288        65.288        64.928        62.978        33.455        8.563        3.715        2.334        2.417        3.24        2.332        1.601        0.574        0.164        0.121        0.035        0.004
209.728        7.915        7.915        8.739        9.563        18.442        49.61        114.693        161.576        187.656        84.884        44.077        14.523        7.555        39.197        73.135        58.219        66.912        33.818        9.591        3.806        2.69        2.95        2.745        2.608        1.187        0.342        0.018        0.045        0.059        0.119
209.74        7.924        7.924        9.84        11.755        23.793        58.999        117.746        195.934        218.705        107.291        56.975        17.624        6.806        31.688        67.734        61.668        66.414        33.954        8.081        3.916        2.868        2.834        2.453        1.9        1.118        0.631        0.009        0.131        0.037        0.075
209.754        8.654        8.654        10.15        11.647        29.578        45.292        116.274        207.443        244.716        116.406        47.108        19.164        5.675        33.644        68.057        57.764        62.069        31.755        8.287        3.706        1.987        2.642        2.684        2.234        1.403        0.218        0.005        0.004        0.016        0.201
209.761        8.71        8.71        9.051        9.392        28.089        57.294        131.566        217.31        277.02        154.166        52.61        20.375        4.821        24.595        58.975        60.688        63.414        33.338        8.119        2.316        2.478        2.391        2.505        2.135        1.35        0.579        0.01        0.055        0.037        0.107
209.768        8.026        8.026        9.874        11.723        25.175        66.272        133.821        232.656        287.646        206.017        98.362        37.202        5.703        27.702        58.005        56.288        64.42        33.495        9.551        2.917        2.776        2.903        2.969        1.736        0.876        0.665        0.042        0.006        0.037        0.387
209.775        6.967        6.967        5.609        4.251        17.706        53.649        127.202        218.108        290.049        202.282        96.533        43.839        10.232        33.854        62.537        58.43        64.02        34.292        7.075        3.477        3.05        2.822        2.713        1.673        0.891        0.516        0.005        0.098        0.005        0.002
209.781        6.387        6.387        6.417        6.447        22.401        50.877        130.946        219.674        279.524        214.465        122.9        55.097        12.656        40.406        71.228        71.691        67.272        33.05        7.718        3.836        3.022        2.784        2.755        2.159        1.155        0.412        0.1        0.099        0.081        0.006
209.789        6.22        6.22        7.866        9.511        21.34        36.387        89.643        181.386        247.188        168.458        64.588        29.656        4.846        26.977        51.932        50.198        61.405        26.997        6.892        2.838        2.679        3.088        2.567        1.711        0.763        0.321        0.012        0.004        0.036        0.099
209.802        5.375        5.375        5.56        5.744        19.196        42.563        111.313        189.315        294.761        258.024        95.882        43.575        5.965        21.625        50.756        54.502        59.736        29.905        7.25        1.688        2.387        2.694        2.733        2.062        0.803        0.2        0.004        0.208        0.037        0.276
209.809        5.402        5.402        6.318        7.233        21.319        46.655        105.128        206.87        303.496        256.078        126.094        59.958        8.032        30.939        58.727        57.046        63.188        30.367        8.016        3.813        2.515        1.854        1.947        2.103        1.204        0.577        0.018        0.003        0.037        0.132
209.817        4.989        4.989        5.41        5.831        14.894        40.031        90.689        195.407        293.265        270.928        118.816        55.018        6.812        21.009        49.367        51.331        60.435        32.745        7.317        3.867        2.875        2.561        2.256        1.791        0.815        0.234        0.011        0.004        0.059        0.278
209.831        4.574        4.574        7.47        10.366        16.289        46.203        101.362        193.423        247.863        187.687        97.455        63.268        10.847        36.634        79.164        66.95        64.981        31.487        8.121        3.51        2.556        3.39        2.495        1.826        0.543        0.449        0.001        0.099        0.082        0.261