36000	-0.98	740.7	459.64	2.40E-06
36060	-0.98	739.6	459.36	8.60E-07
36120	-0.93	739.1	457.98	8.60E-07
36180	-0.82	739.1	458.26	2.40E-06
36240	-0.82	738.0	458.53	2.40E-06
36300	-0.76	737.1	457.98	-8.60E-07
36360	-0.87	737.7	458.53	8.60E-07
36420	-0.70	737.7	457.98	8.60E-07
36480	-0.82	736.9	458.81	8.60E-07
36540	-1.04	736.3	458.26	8.60E-07
36600	-0.93	735.8	458.26	8.60E-07
36660	-0.87	735.5	458.26	2.40E-06
36720	-0.82	734.7	458.53	8.60E-07
36780	-0.76	733.6	458.81	8.60E-07
36840	-0.98	733.0	459.36	8.60E-07
36900	-0.76	733.3	459.36	8.60E-07
36960	-0.87	732.5	459.09	8.60E-07
37020	-0.76	731.6	458.26	2.40E-06
37080	-0.87	731.3	457.98	8.60E-07
37140	-0.93	731.3	457.15	-8.60E-07
37200	-0.87	730.8	456.60	8.60E-07
37260	-1.04	730.0	455.22	2.40E-06
37320	-0.98	729.7	455.22	6.80E-07
37380	-0.59	729.1	454.94	8.60E-07
37440	-0.87	728.9	454.39	2.40E-06
37500	-0.93	728.0	454.12	-8.60E-07
37560	-1.04	727.8	454.39	8.60E-07
37620	-0.93	727.5	454.94	-8.60E-07
37680	-0.76	726.4	456.33	-8.60E-07
37740	-0.98	726.1	456.60	8.60E-07
37800	-0.87	724.7	456.60	2.40E-06
37860	-1.10	725.0	456.60	8.60E-07
37920	-0.87	724.2	456.60	8.60E-07
37980	-0.87	723.6	456.33	2.40E-06
38040	-0.82	722.8	456.60	-8.60E-07
38100	-0.98	722.8	456.33	2.40E-06
38160	-0.82	722.2	456.88	2.40E-06
38220	-0.93	721.7	457.15	-8.60E-07
38280	-0.87	721.7	456.88	-8.60E-07
38340	-0.98	721.7	456.60	6.80E-07
38400	-1.04	721.1	456.33	6.80E-07
38460	-0.82	720.3	455.77	-8.60E-07
38520	-0.76	720.0	454.12	-8.60E-07
38580	-0.98	720.6	453.56	8.60E-07
38640	-0.93	719.8	452.74	-8.60E-07
38700	-0.70	720.6	452.18	8.60E-07
38760	-0.93	720.9	450.53	-8.60E-07
38820	-0.93	720.9	450.25	-8.60E-07
38880	-0.87	720.3	450.25	7.02E-04
38940	-0.87	720.3	451.08	6.77E-03
39000	-0.59	720.3	450.53	9.11E-03
39060	-0.82	720.9	451.08	9.18E-03
39120	-0.59	720.9	450.80	9.06E-03
39180	-0.53	721.1	450.25	9.12E-03
39240	-0.82	722.5	448.04	9.27E-03
39300	-0.59	723.3	446.66	9.42E-03
39360	-0.59	724.2	444.73	9.56E-03
39420	-0.76	724.4	443.07	9.45E-03
39480	-0.53	724.7	443.07	9.18E-03
39540	-0.70	724.4	444.18	9.07E-03
39600	-0.87	725.0	443.07	9.34E-03
39660	-0.53	724.7	443.63	9.46E-03
39720	-0.70	724.4	443.90	9.34E-03
39780	-0.53	725.0	443.90	9.29E-03
39840	-0.70	725.6	441.69	9.42E-03
39900	-0.53	725.8	440.87	9.53E-03
39960	-0.37	725.6	440.59	9.51E-03
40020	-0.82	726.1	439.21	9.22E-03
40080	-0.65	726.4	437.55	7.84E-03
40140	-0.53	726.1	436.72	6.27E-03
40200	-0.70	725.6	436.17	6.32E-03
40260	-0.70	726.1	436.45	7.72E-03
40320	-0.76	726.4	435.90	9.23E-03
40380	-0.70	726.1	435.62	9.20E-03
40440	-0.65	725.8	434.52	6.34E-03
40500	-0.59	726.4	433.14	5.34E-03
40560	-0.76	726.7	432.31	5.19E-03
40620	-0.42	726.7	430.93	5.25E-03
40680	-0.76	726.7	430.38	5.60E-03
40740	-0.93	726.4	430.10	6.19E-03
40800	-0.76	726.4	430.93	5.99E-03
40860	-0.76	727.2	429.27	5.67E-03
40920	-0.59	727.2	427.89	5.61E-03
40980	-0.37	726.4	428.72	5.62E-03
41040	-0.70	726.9	427.89	5.58E-03
41100	-0.82	727.2	427.61	5.70E-03
41160	-0.42	726.4	428.44	6.21E-03
41220	-0.59	725.8	429.27	8.21E-03
41280	-0.48	725.8	427.89	8.41E-03
41340	-0.48	725.0	427.61	8.73E-03
41400	-0.70	725.0	427.61	8.90E-03
41460	-0.48	725.0	426.51	8.88E-03
41520	-0.42	725.3	425.41	8.90E-03
41580	-0.59	725.6	425.96	9.12E-03
41640	-0.53	726.1	425.96	8.38E-03
41700	-0.37	726.1	424.85	8.84E-03
41760	-0.59	725.6	424.03	8.91E-03
41820	-0.42	725.6	423.75	8.62E-03
41880	-0.59	725.0	423.47	6.58E-03
41940	-0.53	725.3	422.09	6.60E-03
42000	-0.42	725.0	421.27	5.74E-03
42060	-0.76	726.4	420.44	5.58E-03
42120	-0.48	726.9	418.51	5.52E-03
42180	-0.53	727.5	417.68	5.63E-03
42240	-0.65	727.2	416.57	5.63E-03
42300	-0.59	727.2	416.57	5.52E-03
42360	-0.59	726.7	416.02	5.51E-03
42420	-0.42	726.4	415.19	5.51E-03
42480	-0.53	726.7	416.30	5.50E-03
42540	-0.48	725.8	417.40	5.50E-03
42600	-0.48	725.6	417.40	6.04E-03
42660	-0.59	725.3	416.57	6.04E-03
42720	-0.59	725.0	416.85	7.04E-03
42780	-0.31	725.0	415.74	6.78E-03
42840	-0.48	725.3	413.26	6.24E-03
42900	-0.48	725.0	412.71	5.69E-03
42960	-0.25	725.6	411.33	5.29E-03
43020	-0.25	725.6	409.95	5.06E-03
43080	-0.59	725.0	410.50	5.06E-03
43140	-0.42	725.6	410.22	5.20E-03
43200	-0.48	725.6	409.12	5.66E-03
43260	-0.70	724.7	408.29	6.89E-03
43320	-0.48	724.7	408.29	6.78E-03
43380	-0.37	725.0	406.91	5.93E-03
43440	-0.37	725.0	406.91	5.86E-03
43500	-0.42	724.2	408.01	5.66E-03
43560	-0.65	725.0	407.46	5.50E-03
43620	-0.48	725.0	407.19	5.56E-03
43680	-0.48	724.7	406.63	5.62E-03
43740	-0.31	723.9	406.36	5.86E-03
43800	-0.20	723.3	406.08	5.78E-03
43860	-0.37	723.3	404.98	5.63E-03
43920	-0.37	723.3	404.15	5.60E-03
43980	-0.25	722.5	403.87	5.70E-03
44040	-0.42	722.8	404.15	5.93E-03
44100	-0.37	723.1	403.60	6.14E-03
44160	-0.42	723.3	403.05	6.33E-03
44220	-0.42	723.3	403.60	6.93E-03
44280	-0.59	723.6	403.32	8.09E-03
44340	-0.31	724.2	402.22	7.45E-03
44400	-0.20	724.2	400.84	7.89E-03
44460	-0.48	724.4	399.18	8.80E-03
44520	-0.37	724.7	397.80	8.30E-03
44580	-0.31	723.6	397.52	9.01E-03
44640	-0.53	723.6	397.25	8.69E-03
44700	-0.08	723.9	397.25	8.93E-03
44760	-0.14	723.3	397.52	9.39E-03
44820	-0.42	723.3	396.70	9.40E-03
44880	-0.42	723.9	395.59	9.06E-03
44940	-0.31	724.7	395.59	9.21E-03
45000	-0.14	725.0	395.04	9.26E-03
45060	-0.37	724.7	395.04	9.19E-03
45120	-0.03	724.7	395.04	9.11E-03
45180	-0.31	724.4	395.59	8.93E-03
45240	-0.48	725.0	394.49	8.66E-03
45300	-0.42	725.6	392.00	8.48E-03
45360	-0.31	725.8	390.90	7.02E-03
45420	-0.08	726.4	388.41	7.69E-03
45480	-0.42	726.1	387.03	8.85E-03
45540	-0.48	726.1	386.48	9.15E-03
45600	-0.37	726.1	386.21	7.99E-03
45660	-0.42	725.8	386.21	5.45E-03
45720	-0.31	725.3	386.76	7.90E-03
45780	-0.31	725.0	387.59	9.16E-03
45840	-0.37	725.0	387.86	8.94E-03
45900	-0.31	724.4	387.59	7.56E-03
45960	-0.31	723.3	388.14	6.65E-03
46020	-0.42	723.3	388.14	7.95E-03
46080	-0.31	723.6	387.59	7.59E-03
46140	-0.42	724.2	385.65	6.09E-03
46200	-0.53	724.2	384.83	7.50E-03
46260	-0.53	725.0	383.45	5.57E-03
46320	-0.37	724.7	382.62	7.60E-03
46380	-0.08	724.4	381.51	9.02E-03
46440	-0.14	724.7	380.41	9.16E-03
46500	-0.25	724.2	380.41	7.24E-03
46560	-0.42	723.3	380.96	5.63E-03
46620	-0.31	723.3	380.41	7.58E-03
46680	-0.31	723.1	379.03	6.62E-03
46740	-0.20	722.8	378.20	7.50E-03
46800	-0.20	722.2	377.10	8.59E-03
46860	-0.20	722.2	375.99	7.19E-03
46920	-0.20	722.5	376.27	7.57E-03
46980	-0.25	722.8	375.44	4.68E-03
47040	-0.37	722.8	375.16	4.67E-03
47100	-0.42	722.2	375.99	7.26E-03
47160	-0.31	722.2	376.27	8.30E-03
47220	-0.20	723.6	375.44	8.87E-03
47280	-0.14	723.6	374.89	8.74E-03
47340	-0.42	723.3	375.16	8.53E-03
47400	-0.14	723.3	375.16	8.97E-03
47460	0.03	722.2	375.72	8.81E-03
47520	-0.25	722.5	374.34	8.21E-03
47580	-0.20	722.0	373.78	8.80E-03
47640	-0.42	721.7	372.96	8.00E-03
47700	-0.20	720.9	373.23	7.66E-03
47760	-0.37	721.4	372.40	6.09E-03
47820	-0.42	721.7	370.47	5.88E-03
47880	-0.53	720.9	370.75	6.04E-03
47940	-0.42	720.6	370.19	6.14E-03
48000	-0.31	720.0	369.92	7.74E-03
48060	-0.31	720.0	368.81	8.71E-03
48120	-0.25	719.2	369.37	9.06E-03
48180	-0.25	720.0	369.09	8.10E-03
48240	-0.03	721.4	367.71	6.24E-03
48300	-0.31	722.0	366.61	4.43E-03
48360	-0.20	721.7	367.16	5.65E-03
48420	-0.42	720.9	367.16	7.96E-03
48480	-0.25	721.4	365.23	8.21E-03
48540	-0.31	720.3	363.57	8.22E-03
48600	-0.14	720.6	362.74	8.12E-03
48660	-0.37	720.3	362.74	7.97E-03
48720	-0.08	720.0	362.19	7.29E-03
48780	-0.25	720.3	361.36	6.68E-03
48840	-0.25	719.8	363.02	6.49E-03
48900	-0.25	718.6	364.67	5.67E-03
48960	-0.48	717.5	364.40	5.19E-03
49020	-0.31	717.8	363.02	5.98E-03
49080	-0.53	718.4	361.91	4.79E-03
49140	-0.37	717.8	361.91	4.01E-03
49200	-0.31	717.5	360.81	4.20E-03
49260	-0.42	718.1	360.81	4.24E-03
49320	-0.37	716.4	362.74	4.09E-03
49380	-0.20	716.4	362.47	4.31E-03
49440	-0.37	716.4	361.36	4.52E-03
49500	-0.42	715.9	360.26	5.23E-03
49560	-0.25	715.3	360.53	4.54E-03
49620	-0.42	715.6	358.88	4.13E-03
49680	-0.53	716.4	357.77	4.31E-03
49740	-0.53	715.6	358.05	7.12E-03
49800	-0.20	715.1	358.05	8.92E-03
49860	-0.08	715.3	356.94	8.27E-03
49920	-0.37	715.1	355.56	8.57E-03
49980	-0.42	714.5	355.84	7.35E-03
50040	-0.37	713.1	355.56	5.39E-03
50100	-0.25	712.6	355.56	5.17E-03
50160	-0.20	712.9	356.39	4.79E-03
50220	-0.37	712.0	356.67	5.43E-03
50280	-0.65	711.7	357.77	6.13E-03
50340	-0.25	711.2	356.94	4.36E-03
50400	-0.53	711.7	356.39	5.82E-03
50460	-0.65	712.0	355.29	5.11E-03
50520	-0.59	711.7	354.74	5.93E-03
50580	-0.14	712.3	353.63	7.93E-03
50640	-0.76	712.6	352.53	6.87E-03
50700	-0.98	712.6	351.70	6.33E-03
50760	-0.42	711.7	351.70	8.11E-03
50820	-0.14	710.6	352.53	5.11E-03
50880	-0.14	710.4	352.25	3.72E-03
50940	-0.48	710.1	351.70	3.61E-03
51000	-0.37	709.3	350.87	4.22E-03
51060	-0.31	709.8	349.77	6.30E-03
51120	-0.37	710.4	347.56	8.93E-03
51180	-0.31	710.6	345.90	8.84E-03
51240	-0.14	710.9	345.35	6.33E-03
51300	-0.42	710.4	345.07	6.79E-03
51360	-0.37	709.8	345.07	6.37E-03
51420	-0.25	709.5	345.90	8.14E-03
51480	-0.31	709.3	345.63	8.65E-03
51540	-0.31	709.3	345.63	8.11E-03
51600	-0.14	708.7	345.63	6.61E-03
51660	-0.42	708.2	345.63	4.43E-03
51720	-0.48	708.4	345.07	5.09E-03
51780	-0.20	707.9	344.25	7.09E-03
51840	-0.31	707.1	345.63	8.39E-03
51900	-0.20	707.1	343.69	6.43E-03
51960	-0.25	706.5	343.69	4.63E-03
52020	-0.42	705.7	344.25	5.51E-03
52080	-0.31	705.7	343.97	8.28E-03
52140	-0.31	706.2	342.04	8.48E-03
52200	-0.03	706.2	341.48	8.36E-03
52260	-0.14	706.8	341.48	8.44E-03
52320	-0.25	706.8	341.48	7.58E-03
52380	-0.25	706.8	340.93	7.49E-03
52440	-0.14	705.7	341.48	7.86E-03
52500	-0.48	706.2	342.04	6.23E-03
52560	-0.14	705.1	341.76	7.64E-03
52620	-0.31	705.4	341.21	5.57E-03
52680	-0.37	704.8	340.66	4.25E-03
52740	-0.53	704.8	340.66	5.30E-03
52800	-0.42	704.0	339.55	5.46E-03
52860	-0.31	703.2	339.55	2.89E-03
52920	-0.48	702.9	339.28	9.49E-04
52980	-0.70	701.5	339.28	-4.48E-06
53040	-0.31	700.7	339.00	-1.44E-05
53100	-0.53	700.4	338.45	-1.44E-05
53160	-0.37	700.2	338.72	-1.44E-05
53220	-0.37	699.3	337.90	-1.44E-05
53280	-0.48	699.3	337.34	-1.44E-05
53340	-0.48	699.3	336.79	-1.27E-05
53400	-0.65	698.2	336.79	-1.27E-05
53460	-0.48	697.4	337.07	-1.27E-05
53520	-0.59	696.6	337.90	-1.27E-05
53580	-0.53	695.5	339.28	-1.27E-05
53640	-0.59	694.9	340.10	-1.12E-05
53700	-0.70	694.6	340.66	-1.27E-05
53760	-0.42	694.6	340.93	-1.27E-05
53820	-0.48	694.6	340.93	-1.27E-05
53880	-0.70	695.2	340.38	-1.10E-05
53940	-0.76	695.5	339.83	-1.27E-05
54000	-0.59	694.9	339.00	-1.10E-05