0.00E+00	2.03E+12	6.97E+02	6.00E+11	3.55E+06	3.55E+06	0.00E+00
1.00E-01	5.47E+11	3.14E+02	1.68E+11	2.08E+06	9.92E+05	1.60E+07
1.10E-01	4.48E+11	3.10E+02	1.38E+11	1.81E+06	8.17E+05	1.08E+07
1.20E-01	3.65E+11	3.07E+02	1.13E+11	1.55E+06	6.71E+05	7.27E+06
1.30E-01	3.66E+11	3.05E+02	1.13E+11	1.64E+06	6.76E+05	7.35E+06
1.40E-01	3.66E+11	3.04E+02	1.14E+11	1.72E+06	6.80E+05	7.39E+06
1.50E-01	3.66E+11	3.03E+02	1.14E+11	1.80E+06	6.85E+05	7.39E+06
1.60E-01	3.65E+11	3.02E+02	1.14E+11	1.88E+06	6.93E+05	7.38E+06
1.70E-01	3.64E+11	3.01E+02	1.14E+11	1.97E+06	7.05E+05	7.35E+06
1.80E-01	3.63E+11	3.01E+02	1.13E+11	2.05E+06	7.26E+05	7.31E+06
1.90E-01	3.62E+11	3.01E+02	1.13E+11	2.14E+06	7.58E+05	7.27E+06
2.00E-01	3.60E+11	3.01E+02	1.13E+11	2.23E+06	8.01E+05	7.22E+06
2.10E-01	3.59E+11	3.00E+02	1.12E+11	2.32E+06	8.56E+05	7.16E+06
2.20E-01	3.57E+11	3.00E+02	1.12E+11	2.40E+06	9.23E+05	7.10E+06
2.30E-01	3.55E+11	3.00E+02	1.12E+11	2.49E+06	9.99E+05	7.04E+06
2.40E-01	3.54E+11	3.00E+02	1.11E+11	2.58E+06	1.09E+06	6.98E+06
2.50E-01	3.52E+11	3.00E+02	1.11E+11	2.66E+06	1.18E+06	6.92E+06
2.60E-01	3.51E+11	3.00E+02	1.11E+11	2.74E+06	1.27E+06	6.86E+06
2.70E-01	3.49E+11	3.00E+02	1.10E+11	2.83E+06	1.37E+06	6.80E+06
2.80E-01	3.47E+11	3.00E+02	1.10E+11	2.91E+06	1.47E+06	6.74E+06
2.90E-01	3.46E+11	3.00E+02	1.09E+11	2.99E+06	1.57E+06	6.68E+06
3.00E-01	3.44E+11	3.00E+02	1.09E+11	3.07E+06	1.66E+06	6.61E+06
3.10E-01	3.42E+11	3.00E+02	1.09E+11	3.15E+06	1.76E+06	6.55E+06
3.20E-01	3.41E+11	3.00E+02	1.08E+11	3.23E+06	1.85E+06	6.49E+06
3.30E-01	3.39E+11	3.00E+02	1.08E+11	3.31E+06	1.94E+06	6.43E+06
3.40E-01	3.37E+11	3.00E+02	1.08E+11	3.39E+06	2.03E+06	6.37E+06
3.50E-01	3.36E+11	3.00E+02	1.07E+11	3.47E+06	2.12E+06	6.31E+06
3.60E-01	3.34E+11	3.00E+02	1.07E+11	3.55E+06	2.21E+06	6.25E+06
3.70E-01	3.32E+11	3.00E+02	1.06E+11	3.62E+06	2.29E+06	6.20E+06
3.80E-01	3.31E+11	3.00E+02	1.06E+11	3.70E+06	2.38E+06	6.14E+06
3.90E-01	3.29E+11	3.00E+02	1.06E+11	3.77E+06	2.46E+06	6.08E+06
4.00E-01	3.27E+11	3.00E+02	1.05E+11	3.85E+06	2.54E+06	6.02E+06
4.50E-01	3.19E+11	3.00E+02	1.03E+11	4.21E+06	2.94E+06	5.74E+06
5.00E-01	3.11E+11	3.00E+02	1.01E+11	4.56E+06	3.32E+06	5.47E+06
5.50E-01	3.03E+11	3.00E+02	9.96E+10	4.89E+06	3.68E+06	5.20E+06
6.00E-01	2.95E+11	3.00E+02	9.77E+10	5.21E+06	4.02E+06	4.95E+06
6.50E-01	2.88E+11	3.00E+02	9.58E+10	5.51E+06	4.35E+06	4.70E+06
7.00E-01	2.80E+11	3.00E+02	9.40E+10	5.79E+06	4.66E+06	4.46E+06
7.50E-01	2.72E+11	3.00E+02	9.21E+10	6.07E+06	4.96E+06	4.23E+06
8.00E-01	2.65E+11	3.00E+02	9.03E+10	6.32E+06	5.24E+06	4.01E+06
8.50E-01	2.57E+11	3.00E+02	8.85E+10	6.57E+06	5.51E+06	3.80E+06
9.00E-01	2.50E+11	3.00E+02	8.67E+10	6.80E+06	5.77E+06	3.59E+06
9.50E-01	2.43E+11	3.00E+02	8.48E+10	7.02E+06	6.01E+06	3.40E+06
1.00E+00	2.35E+11	3.00E+02	8.30E+10	7.22E+06	6.24E+06	3.21E+06
1.05E+00	2.28E+11	3.00E+02	8.13E+10	7.42E+06	6.46E+06	3.03E+06
1.10E+00	2.21E+11	3.00E+02	7.95E+10	7.60E+06	6.67E+06	2.85E+06
1.15E+00	2.15E+11	3.00E+02	7.77E+10	7.78E+06	6.86E+06	2.69E+06
1.20E+00	2.08E+11	3.00E+02	7.60E+10	7.94E+06	7.05E+06	2.53E+06
1.25E+00	2.01E+11	3.00E+02	7.42E+10	8.09E+06	7.22E+06	2.38E+06
1.30E+00	1.95E+11	3.00E+02	7.25E+10	8.23E+06	7.39E+06	2.23E+06
1.35E+00	1.88E+11	3.00E+02	7.08E+10	8.37E+06	7.55E+06	2.10E+06
1.40E+00	1.82E+11	3.00E+02	6.91E+10	8.49E+06	7.69E+06	1.97E+06
1.45E+00	1.76E+11	3.00E+02	6.75E+10	8.61E+06	7.83E+06	1.84E+06
1.50E+00	1.70E+11	3.00E+02	6.58E+10	8.72E+06	7.96E+06	1.72E+06
1.55E+00	1.64E+11	3.00E+02	6.42E+10	8.83E+06	8.09E+06	1.61E+06
1.60E+00	1.58E+11	3.00E+02	6.26E+10	8.92E+06	8.20E+06	1.51E+06
1.65E+00	1.52E+11	3.00E+02	6.11E+10	9.01E+06	8.31E+06	1.40E+06
1.70E+00	1.47E+11	3.00E+02	5.95E+10	9.10E+06	8.42E+06	1.31E+06
1.75E+00	1.41E+11	3.00E+02	5.80E+10	9.18E+06	8.51E+06	1.22E+06
1.80E+00	1.36E+11	3.00E+02	5.65E+10	9.25E+06	8.61E+06	1.14E+06
1.85E+00	1.31E+11	3.00E+02	5.50E+10	9.32E+06	8.69E+06	1.06E+06
1.90E+00	1.26E+11	3.00E+02	5.36E+10	9.38E+06	8.77E+06	9.84E+05
1.95E+00	1.21E+11	3.00E+02	5.22E+10	9.44E+06	8.85E+06	9.14E+05
2.00E+00	1.17E+11	3.00E+02	5.08E+10	9.49E+06	8.92E+06	8.50E+05
2.05E+00	1.12E+11	3.00E+02	4.94E+10	9.54E+06	8.98E+06	7.89E+05
2.10E+00	1.08E+11	3.00E+02	4.81E+10	9.59E+06	9.04E+06	7.32E+05
2.15E+00	1.03E+11	3.00E+02	4.68E+10	9.63E+06	9.10E+06	6.79E+05
2.20E+00	9.93E+10	3.00E+02	4.56E+10	9.67E+06	9.15E+06	6.29E+05
2.25E+00	9.53E+10	3.00E+02	4.43E+10	9.70E+06	9.20E+06	5.83E+05
2.30E+00	9.15E+10	3.00E+02	4.31E+10	9.74E+06	9.25E+06	5.39E+05
2.35E+00	8.78E+10	3.00E+02	4.19E+10	9.77E+06	9.29E+06	4.99E+05
2.40E+00	8.41E+10	3.00E+02	4.08E+10	9.80E+06	9.33E+06	4.62E+05
2.45E+00	8.07E+10	3.00E+02	3.97E+10	9.82E+06	9.37E+06	4.27E+05
2.50E+00	7.73E+10	3.00E+02	3.86E+10	9.84E+06	9.41E+06	3.94E+05
2.55E+00	7.41E+10	3.00E+02	3.75E+10	9.87E+06	9.44E+06	3.64E+05
2.60E+00	7.09E+10	3.00E+02	3.65E+10	9.88E+06	9.47E+06	3.36E+05
2.65E+00	6.79E+10	3.00E+02	3.55E+10	9.90E+06	9.50E+06	3.10E+05
2.70E+00	6.50E+10	3.00E+02	3.45E+10	9.92E+06	9.52E+06	2.86E+05
